 565.0 575.0
 25.0 185.0
 345.0 750.0
 945.0 685.0
 845.0 655.0
 880.0 660.0
 25.0 230.0
 525.0 1000.0
 580.0 1175.0
 650.0 1130.0
 1605.0 620.0 
 1220.0 580.0
 1465.0 200.0
 1530.0 5.0
 845.0 680.0
 725.0 370.0
 145.0 665.0
 415.0 635.0
 510.0 875.0  
 560.0 365.0
 300.0 465.0
 520.0 585.0
 480.0 415.0
 835.0 625.0
 975.0 580.0
 1215.0 245.0
 1320.0 315.0
 1250. 400.
 660. 180.
 410. 250.
 420. 555.
 575. 665.
 1150. 1160.
 700. 580.
 685. 595.
 685. 610.
 770. 610.
 795. 645.
 720. 635.
 760. 650.
 475. 960.
 95. 260.
 875. 920.
 700. 500.
 555. 815.
 830. 485.
 1170. 65.
 830. 610.
 605. 625.
 595. 360.
 1340. 725.
 1740. 245.


